%YAML:1.0

projection_parameters:
  k2: -5.4067771632704043e-02
  k3: 6.7505396463341137e-03
  k4: -8.2534451584788931e-03
  k5: 1.7653300211727804e-03
  mu: 4.1301563981603414e+02
  mv: 4.1224480606801717e+02
  u0: 5.0279390255630540e+02
  v0: 4.8971325895638586e+02
